16807 282475249 
1622650073 984943658 
1144108930 470211272 
101027544 1457850878 
1458777923 2007237709 
823564440 1115438165 
1784484492 74243042 
114807987 1137522503 
1441282327 16531729 
823378840 143542612 
896544303 1474833169 
1264817709 1998097157 
1817129560 1131570933 
197493099 1404280278 
893351816 1505795335 
1954899097 1636807826 
563613512 101929267 
1580723810 704877633 
1358580979 1624379149 
2128236579 784558821 
530511967 2110010672 
1551901393 1617819336 
1399125485 156091745 
1356425228 1899894091 
585640194 937186357 
1646035001 1025921153 
510616708 590357944 
771515668 357571490 
1044788124 1927702196 
1952509530 130060903 
1942727722 1083454666 
1108728549 685118024 
2118797801 1060806853 
571540977 194847408 
2035308228 158374933 
1075260298 824938981 
595028635 1962408013 
1137623865 997389814 
2020739063 107554536 
1635339425 1654001669 
1777724115 269220094 
34075629 1478446501 
1864546517 1351934195 
1581030105 1557810404 
2146319451 1908194298 
500782188 657821123 
753799505 1102246882 
1269406752 1816731566 
884936716 1807130337 
578354438 892053144 
1153851501 1004844897 
616783871 382955828 
330111137 1227619358 
1723153177 70982397 
1147722294 1070477904 
2051621609 1606946231 
1190959745 1912844175 
1341853635 1808266298 
343098142 456880399 
1534827968 280090412 
195400260 589673557 
6441594 889688008 
57716395 1524325968 
2014119113 515204530 
388471006 681910962 
1904797942 1400285365 
322842082 1463179852 
828530767 832633821 
1073185695 316824712 
1260973671 1815859901 
1267248590 2051724831 
1194314738 318153057 
2111631616 877819790 
304555640 1213110679 
541437335 1049077006 
996497972 2063936098 
270649095 428975319 
685583454 1351345223 
272112289 1398556760 
1334948905 1724586126 
532236123 1023129506 
836045813 436476770 
60935238 1936329094 
915896220 304987844 
2034712366 881140534 
281725226 1901915394 
197941363 348318738 
152607844 784559590 
543436550 290145159 
1681808623 977764947 
750597385 971307217 
1737195272 2000755539 
1399399247 462242385 
1459413496 1951894885 
537140623 1848682420 
1012028144 1086531968 
1289335735 1755699915 
1623161625 992663534 
2043046042 1358796011 
943454679 1771024152 
1479575244 1507977295 
2119878818 2049590396 
1828087692 621301815 
1154112991 1104740033 
222122669 889119397 
1238489553 1882410547 
944975825 1567121210 
1866729662 1536830211 
1719533808 1517273377 
1592822761 41000625 
1902737335 1127401868 
994977995 140002776 
1532062767 1049997439 
1433829874 1464689331 
428540556 1968456301 
1859468872 1911300560 
1168120094 298918984 
967113755 2124639789 
462851407 957828015 
678030193 1105222769 
1893015680 944303455 
1004016855 1732267506 
784170963 454233502 
2145586676 329863108 
1353963249 1323602331 
1277844 1887638 
1660760808 1561939997 
685428651 897054849 
1465645203 1461495731 
440796531 1796198014 
1522395419 1779636775 
203042009 175530180 
1640687929 1351995223 
459244054 458588260 
174076737 834991545 
2044747317 2034837525 
837204200 578134256 
1486421564 609960597 
1668306648 1683337704 
907225550 605925150 
416541976 24301412 
411938554 2111482797 
524102504 1760348381 
293034748 855007065 
1290659378 379847699 
1778878209 338725129 
2121578553 552265483 
501650447 218264607 
471180773 1363045322 
1494664305 1706755176 
1495170053 1616927224 
1437784630 1360280366 
121205400 1284660444 
487495370 684570285 
1502883016 252193898 
1637608155 1129841133 
1189515557 1262696576 
707953178 1509658266 
307187357 347221711 
1042227878 1847320614 
1746474819 1195795737 
1586983133 678620591 
290623720 1135048762 
667306633 1262976197 
1112576031 925238588 
555860589 795054873 
843998877 959637304 
1021979358 832861200 
599777254 168068960 
794014915 545293947 
1442645480 1452207730 
1103669955 1564674546 
1547837107 2028841238 
989340000 2018984926 
690545035 988774857 
1110561113 1420250114 
862929593 1300601360 
2118498354 322968418 
1439025357 738342585 
1163313729 1122721015 
1780776563 32106102 
588860917 1380786643 
1172819419 1971062967 
572547747 2083245269 
529855395 1812423303 
1490404473 978719103 
1754711748 47424385 
345205658 1518163459 
1520045406 937673930 
1250739824 1614285132 
2129300973 1493959603 
600246897 1618907920 
367603950 9135231 
1064488480 171620203 
350213900 1939824520 
1681462533 1603481258 
937217003 13618676 
1255820950 1113423934 
143558780 1168279879 
836941832 463482574 
828433549 1346174542 
1415306249 1523252771 
1156766310 601915879 
1752200983 798669970 
1473392040 666082723 
20073650 222902971 
1118753229 1666190318 
473917746 118710299 
151687230 344185621 
1554270776 637850124 
108668244 1026076958 
981747696 1116666771 
958829064 322791560 
614056598 1790318751 
1493869940 1240764503 
1462789551 711192801 
123427205 2119315080 
1164780418 3559274 
1838659649 63040413 
810783320 1051519025 
1237322012 1586901783 
1458854788 1151624117 
76424008 263081550 
2090265324 404319195 
754451257 1318824511 
1304835690 270438666 
1187262410 2048760593 
766490553 1799809565 
2092190960 556228742 
540151403 911254352 
1746007307 1928256141 
525244910 1633413200 
1492192799 970343127 
566120171 1429157787 
250334414 450031625 
244116641 1174619517 
13055348 377901842 
1287114315 927515974 
177181445 1476211373 
805972220 1795739911 
265509239 2090245054 
63641305 172556929 
1061382253 1652354189 
2005815166 537204356 
772359304 1651659860 
1073645898 1609005592 
1442901720 1463866116 
1625151580 78098867 
495149352 476026939 
1208178698 1401494901 
1324160811 797716616 
482756891 501848671 
1402331728 356326671 
1597951661 343077045 
102303120 1421620240 
268317158 2038299453 
1039769627 1333685350 
1962853711 38535563 
1274629594 1550207533 
1066401727 115307827 
948398795 1114919531 
1657737442 140351516 
950885006 2098478515 
1004466924 706642601 
957627097 1596168661 
440967103 368034324 
799980108 2018044936 
2072002281 547517015 
151043710 265963216 
1130301905 343775973 
1111767781 225882720 
1807270791 791481169 
910297865 702715827 
1532329536 1238616728 
1872357125 1628320384 
1796580167 1502789949 
835500476 2008416046 
1300521576 777568666 
1158577467 977260520 
862627384 516341991 
178425210 905333258 
1014428211 622268744 
225419518 464685718 
1722321934 1132666825 
1436280767 1854658689 
523449818 1528073014 
566211825 822102918 
173958028 987333029 
500078034 1708006727 
1055151240 6933754 
571486540 1427408396 
913090935 401203083 
2069048048 287846865 
1709087011 2031615252 
367553064 1301377876 
137017237 746232675 
628070245 1094482710 
1773470415 1791728192 
1560024710 707454747 
1722463037 1356701299 
97368447 88949715 
329241693 1647259579 
132567129 1115195164 
1995333979 473553501 
439295525 191110289 
1502574958 1517114033 
1062211800 562165089 
1528087670 812535217 
430880846 499521038 
936509543 1008240338 
1849385936 2098603321 
954597719 73536496 
1124791247 67943788 
1617428359 1270425987 
1767145035 707765235 
498383912 1152185684 
924745989 866683784 
2120263734 2076422667 
1826500519 1862972615 
669167045 318665976 
2142326661 1373365825 
1005182819 2001271631 
1483422903 1751072698 
1162936798 1230092639 
341914004 2029909503 
1763800679 333748765 
88207391 737904107 
236264924 207314365 
1114057121 48114454 
1205777106 1840127450 
1110051703 1448530832 
1583071032 1499932141 
48961654 412281977 
1440942217 742753900 
142357289 302173465 
1978084747 476003622 
816289879 1258459317 
359301516 56564048 
1484182762 1637121029 
1532649039 166052708 
1266605903 1987502657 
1996510761 924375752 
1086561466 1785108621 
1974044557 1292006996 
1554426955 1115266930 
1054021494 346645555 
2096192221 1233429312 
586802293 1141231427 
1500142232 1432477444 
209234791 1178402198 
1311549152 1434444856 
1063273570 1227464303 
1264627439 947712914 
324735799 1078626766 
1570591835 67981921 
110846043 1121122752 
688574086 75289719 
526439150 230168410 
822418623 1185044669 
1282409605 1312349943 
2008437311 1657922431 
1101977992 1045139816 
1396138699 1496786971 
875180639 1045501370 
1030325836 1525679891 
1147182857 594094833 
1300383328 601518177 
1510474410 1139217683 
2014885176 505523489 
887972091 1283070434 
1681484711 1976226904 
1463491026 1763464891 
1132610790 494500522 
308559364 1931706890 
539924884 1399116813 
10341441 2009907127 
591316179 1844185784 
598994537 2045329870 
1088387561 264032581 
894374165 1508545802 
937357732 231367332 
1645347854 214459759 
947609847 739972377 
637940462 1626979010 
726943819 710298150 
119413377 1230900941 
1042143836 434826720 
245832299 2092396112 
1856734759 1056219956 
788974390 1728536152 
348330048 342695014 
123959044 320514918 
1005240150 817350101 
1897741295 910819821 
885295731 1398644501 
662128245 129154961 
1748946057 1927703510 
1974593928 1935350805 
1653662173 366782137 
1229309669 67439096 
1725004503 1121447421 
1850318675 595278518 
1867224300 1260276489 
835740262 1743532054 
1128868263 2018358643 
902024889 1245245250 
1608776735 1891469415 
726031364 407052494 
1595850963 1543867758 
1887985652 156485092 
1524957316 1887766714 
771761420 192958060 
345807450 895063368 
207078741 1448891847 
1208199196 1746004787 
1885902501 1652188234 
1364093128 1925270571 
1886377448 1044687875 
242817253 810641871 
821669329 1476562293 
261433719 164973471 
307738820 1025725764 
1521681079 511142630 
839594410 2095688080 
1350266113 1462863342 
1951398138 778248382 
1845146044 1705698828 
920998393 157863575 
1070800980 1039109000 
967945596 1073005947 
1590767370 2003266087 
644506543 313952733 
236262852 172490261 
2088376824 876554400 
511982380 2068370778 
1789871857 425373423 
278059498 421567014 
728252845 1236261662 
945468509 1257726610 
929596849 790709218 
821019290 1288775055 
922285743 319518555 
1439236385 2137606534 
1499086275 864877321 
1823811151 1759921226 
1703775251 803694459 
20632783 1030316714 
1372366437 1388337879 
1384907698 1715914100 
810383137 768094285 
836445878 717918284 
1489470342 311164915 
626045960 1432063067 
1834735140 675810707 
309543566 1293320728 
12000562 1977466363 
820241969 1109242890 
739712623 567222278 
624917313 1790245761 
267127010 1362834840 
104576978 983646000 
809207394 334734507 
1623187656 1430166551 
24761786 1706993431 
1204554544 619880739 
892408776 688507584 
1105074252 1544374108 
1808275514 497991454 
998595019 801783028 
107466671 158592370 
434756663 1215867947 
1785684024 907424543 
1802916854 629306008 
389114981 767780552 
2005986288 1265768163 
792508359 994411019 
1348255379 2028195356 
871419461 108408487 
955308353 1279743899 
1606985788 1855794244 
281369880 224582466 
1428738283 1789665274 
1248300236 1414318909 
2108898567 40621834 
1978847939 418069684 
2078169651 1123289549 
598709266 1545747467 
1268000110 1797619589 
1792486327 1417097773 
1568625581 1380889295 
750607936 1148637874 
1426245435 694558231 
1866566972 949983028 
1971319798 594139070 
2043874587 251766297 
893369089 1796102646 
2067029090 714958111 
1129966612 1150957463 
1756872112 1996923781 
1423551951 522329230 
2021703321 1281453213 
270655128 530371950 
1904228600 421288959 
349949754 1795289992 
1293655194 1338403330 
1801048632 1442353559 
840858777 1871067779 
1433118632 248263272 
86383 1451839081 
1350237153 976132622 
1233398521 69297956 
754609818 1836275591 
796366900 1420400196 
1237874120 128762704 
1598733599 600207129 
950527144 378859175 
197140870 1926818416 
2131204599 1275947080 
70874618 1483764288 
1046279452 1222648128 
1923552800 933087662 
1478744840 436279149 
1034486385 585066583 
2033924515 524630659 
2047114878 1024245959 
272918561 2064668382 
1840728048 466884054 
15049440 1680351381 
108218770 2061702028 
1377340251 1231367544 
294405869 277117595 
1770872469 1077722710 
1408508172 1084605923 
1130552125 254256219 
1939298850 1436461431 
596111243 830447846 
840725869 1784766670 
521841394 265094610 
1564026392 1391731064 
432109524 1822559361 
48439519 226693620 
403681562 775171661 
1674303725 1544479434 
1431005949 1247622090 
754137322 337486260 
627260093 363159928 
480385122 1441716381 
869226366 1903766468 
1244171023 734112722 
938966639 1502463517 
1791608793 1700769364 
1823359178 606061956 
568356771 364988341 
1145751355 157160836 
2144768489 1610979728 
262467120 353474902 
912910312 1660439616 
458633347 931853946 
71032851 1995702672 
227725811 571846523 
1035191736 1702482605 
553029607 459380633 
606587866 817391553 
446941412 1993997925 
1640814040 1324059153 
1236634257 765221733 
1949588295 424988139 
245042251 1698961258 
1499292694 39194160 
1606251138 245949929 
1921919875 1405804598 
742794292 821225633 
461814562 711443276 
38193236 1963590646 
1686783873 844929464 
1567627484 1785742192 
1885054119 278333842 
737499328 2023078859 
777800262 756044145 
173205716 1228127127 
1667292172 1812908748 
1059344000 1755174370 
1380261398 934961292 
756589545 749808928 
604612300 1973792143 
1344652192 1598973563 
338314783 1667344272 
541069801 1314384009 
1835246221 675614486 
1306624513 270415769 
802432531 286245357 
562345819 270649486 
435546856 1611739816 
152364254 985509754 
2068549814 503962615 
424166537 1468762966 
174647297 1834458877 
327625760 258077412 
1737580191 2027638231 
97754174 129412463 
1781814877 303180324 
1720494784 488527833 
857306750 1286759527 
1407044999 115377429 
2118199609 1744412144 
888155364 68372451 
232032812 2092651979 
1862124134 1441132407 
1791793583 511567600 
1539614259 1266388310 
477900753 489115891 
3379321 961673225 
879965253 2003613929 
48236096 1102730553 
808530661 1845784858 
1704827491 1308822963 
712542920 1340040768 
1404181687 1383816526 
556455472 55835219 
2119655641 446138204 
1379382951 1203288092 
809458445 259181370 
964449474 295741962 
1257996176 1165225317 
1038525826 1903958413 
175223344 778662571 
216485979 642551035 
1807468129 1960657288 
1777959848 2083700978 
1746505617 1713417723 
1803447838 963619508 
1378888929 1490194926 
1751829968 1005471806 
415825199 862332255 
1998559829 1003323276 
812703488 1111527896 
489102819 1931161864 
2117091137 294192416 
984580318 1479904491 
599180683 878918398 
1588991120 67119748 
652689961 413705651 
1746311018 590275977 
1541379946 877518661 
1685931478 1551112228 
1239225063 1359225235 
1714971506 591308 
1348178968 743955679 
1013304119 1057007323 
1137349677 684079392 
1842378953 296356978 
857151853 830889295 
1817708271 120548475 
981140204 1643966962 
628128032 2065708819 
2147483531 2145534035 
1592609468 751152468 
1710652610 427350234 
1290067270 1165706778 
540506265 432969045 
1236143279 1103289075 
1605675327 1305712687 
2125225363 1714659037 
1191375766 314974534 
229803083 1124818675 
528926184 1227559555 
718044156 1457517399 
148963664 1813852093 
1881757886 713120633 
312244924 1597888047 
1421400194 864971330 
1256336767 1192825665 
1061106910 1319631682 
1986056805 1318396314 
550579652 85176241 
1332973585 737637591 
51897806 368064760 
1311517960 910200912 
1220710403 1568463430 
803101085 785214200 
808048585 185984467 
1252230484 898003988 
237955200 698495686 
1471380100 1211145495 
1872328199 1142161102 
2092804428 129367183 
1020793917 236507136 
2130687802 1180074489 
1500456578 273239725 
1020020789 127446722 
955860595 1971340605 
943842319 1843638691 
2141420721 1179617774 
266898514 1817469862 
408575706 1426671283 
1409334626 2089916419 
982723801 342194330 
298897644 608452375 
2089423258 1284101462 
1830103131 135046736 
1987760720 2038808308 
1002161024 606086947 
988380508 925188411 
1860019397 426556000 
826278314 1630361896 
1748533999 1444695645 
1549592533 1467514962 
674280539 361813754 
1477558821 1977694286 
355976536 8200010 
378614662 382578173 
425314493 1435106635 
1448374988 1111284571 
694506838 1002804821 
688964891 201098413 
1869250560 955889957 
317344092 1400258743 
2022889775 1894832768 
1419330413 437900415 
365816636 34519891 
355223347 234254369 
775654832 1205024134 
2069828928 527195143 
51240879 64510906 
1903039054 1903425807 
1961132537 1175535203 
370604421 1045927447 
1748951034 2011351949 
1252119416 1178767759 
1013081938 1617778550 
713635183 370352186 
1101581096 816959685 
1778470524 2076697922 
10260363 647229181 
976173012 1912233251 
1811472202 537635495 
1576061536 1802933454 
908302208 1521446980 
871608031 1130220830 
1128632095 196566714 
866913112 1679612136 
568629937 661122009 
397215685 1624842919 
1332884381 1385869610 
702899908 331211609 
395899439 977532867 
1144996119 348811266 
1988074999 878444520 
66974515 359242577 
1213459922 2116197142 
301203980 716335881 
663826885 760910030 
349756325 691812436 
815146994 1377343945 
1293452602 80923233 
719628480 167963456 
1168292834 1054676517 
618198881 542708781 
943433458 1414362805 
699174992 3574160 
2088848651 216616201 
683708542 2051953944 
750049635 355207555 
2116321872 250057443 
89947322 2063637013 
1686378441 473284781 
217885779 546669518 
939547160 521861729 
606864955 1179459082 
1894729364 1828903032 
1439819313 1197459195 
1627434328 1937022504 
1832619855 1631437711 
502403881 2143811610 
561099904 805392551 
643177616 1600996761 
2129948864 1645645405 
920432122 1377965113 
996004943 220048636 
390585118 1854052994 
1080952188 1999253743 
1928517639 625274502 
1351070343 2094655070 
1168336219 1783848212 
117703317 407209932 
2094427782 1643274097 
1868047859 69447073 
1113335590 806244819 
2082344010 414780911 
490853015 1281934978 
1925228542 1179996045 
182048270 1668560562 
1655903008 1521273983 
111531099 1897440709 
153838213 2136018550 
579642951 1073254665 
1476003502 1607251617 
2028614953 1481135299 
1958017916 367707584 
1750911869 607367442 
1034823503 1956041515 
1510074329 857507257 
361713382 1938090264 
451109352 1177605154 
800532526 565116027 
1732378755 506449259 
1415002952 720707386 
1121267422 972559129 
1303243786 1432595549 
46741879 1759229198 
810278890 1163498603 
2082414686 1602632443 
1703568827 1629293585 
973300198 873488587 
524470817 1508134031 
459173476 1419867461 
874131563 593550214 
736906383 647386832 
1478329722 2049325511 
1671132791 1937682871 
46506142 2092164733 
115431553 880378030 
351222380 1709478704 
24864915 1292798887 
1978837110 236066681 
1170411558 156848786 
1195111433 823304040 
1033862659 839521936 
877617562 1200676938 
2020949754 1501154526 
1266233526 23929712 
607227595 831898621 
1601581177 1214810341 
1190369158 576783054 
251606020 347077197 
760864727 1735832451 
570659462 411610332 
890022937 1391900804 
1137446057 156454405 
1009200907 813799943 
212294258 1059256539 
285217343 464383697 
941222281 758332965 
2134181457 1915875605 
751490117 943068412 
1721485624 2109190184 
646861459 1238320299 
1185242216 307614740 
1087796851 1073387846 
1566892922 177376893 
466138615 371358049 
827251361 804493649 
567717231 353657796 
1839326123 527050696 
1918487444 1698995250 
2070596238 538472431 
610059359 1180715935 
1543821265 1106577801 
1044718387 755632437 
1843563948 885215120 
43815424 1966423894 
2060542775 1221127903 
2142934989 860116286 
1261990845 1731634143 
876657257 93216332 
1171313261 279385578 
1234157104 2081384202 
1463157031 444978220 
1210884686 1783878630 
628938643 657262367 
2100205648 2115103844 
1253497317 714829749 
1120070125 176941273 
1734607863 1463845416 
1277246680 438415348 
430360979 352050957 
602986814 424052705 
1703072189 1872233307 
1694794905 194874527 
343613614 530483715 
1635179308 1110398897 
841369449 1863997495 
714456029 1281409026 
1675487866 2118984398 
2049458985 1766946662 
1668677518 1474098853 
1808070579 1348616203 
1650113383 851810723 
1256830559 902053221 
1721421174 1025979034 
1483422675 1747240702 
1183089436 633063279 
1260542915 1018594750 
1929813013 921788850 
558172492 996502948 
84083 1413182981 
197225847 1207543208 
1458232706 1433710178 
1600442306 1401158267 
2108804114 600633910 
1680984470 11127358 
186428617 127124946 
1990222304 460977656 
1677949663 544733637 
615449898 1585191734 
635348656 1016168508 
1954153012 1982259113 
1915096280 538276724 
1615779104 1468684613 
1005252073 1017739962 
448292979 1087464377 
1927948269 1793291147 
2058805631 2089719753 
1972325633 319338739 
564552520 851451194 
1656677597 1654889424 
1665836871 975984958 
899093320 1366488948 
1389628018 1593437401 
1781320517 584406392 
1675512613 387423580 
257691356 1691587940 
2129988594 165903868 
912535670 1806282463 
1360521649 2028965134 
924176425 2031439871 
1714891891 809985650 
529981217 1779630010 
89342654 490916525 
201863901 1849905494 
93396392 2050098034 
1770024970 1866192546 
1099456187 1610836121 
2143831565 896483589 
454412971 866954865 
233871160 777512110 
208040775 437928109 
831269694 1768623323 
1931031534 2074118474 
1754634414 895155494 
1755440423 1556846875 
984673077 891421357 
1272825627 1295705222 
1433485574 2120490172 
1587198839 9024039 
1343168183 279554417 
1924350530 1455633890 
705082606 508594896 
969502012 1461885895 
555831938 313517516 
1511505321 1285869684 
1483839227 158295578 
1889024460 435861972 
465443487 1573243635 
1687111581 2057750526 
1536439194 1590162030 
419251295 462669258 
43933419 1802082212 
1633863443 469492312 
902368706 581326628 
1453526593 1794963926 
108431226 1337482726 
1360842733 982972981 
235195296 1557429392 
37618061 886559009 
1155721377 219596124 
1375150522 935814240 
59701052 520717815 
708455180 1356871292 
806957151 1169606052 
1651094973 169524677 
1637930417 103647626 
396412465 1010026261 
1800622739 726820849 
791025007 1833517719 
1689452430 598210376 
1750837825 1510393581 
1928208327 1869118659 
886513497 390801193 
1190658225 1140164829 
753698822 1557551348 
2087332553 505360879 
302469468 510556227 
1721337424 1765876431 
861174277 1863776406 
1293580500 83021272 
1621631601 1047353930 
2101530698 762899077 
1567414549 354427294 
1887377127 666423652 
1455100059 322919577 
618154670 1947138151 
47607224 1270697084 
2028505020 1780975015 
1220005219 453854177 
65238695 1250086895 
1377925664 332985600 
146595118 660405117 
1233313723 791581617 
451043754 75099568 
1625538587 140074575 
591304913 1654838122 
803604157 650410716 
761140582 2077160142 
1336340962 1498568008 
744298440 331637305 
1108121170 1214317406 
1495545201 1479588719 
1734451620 985352962 
1580830317 347457135 
704031752 26760894 
946263235 1729784610 
2003810831 1210084363 
1217751851 1236203847 
2121255451 1564341110 
238745549 1096989447 
954526234 1019571748 
1170349223 1256668088 
318886771 1558260932 
1128408959 741287256 
1262275345 70774702 
1951959723 1626872889 
1090851819 878627494 
994734886 349037107 
1488817392 74452500 
1487684946 368785401 
538429365 2033732744 
1596502756 1761134474 
619997917 714335775 
1407783695 1793222866 
911206864 947876491 
926490791 126799940 
822813756 1383594059 
1112419897 448578097 
1584475309 1479295563 
1102346022 788169085 
1078676899 265693519 
892471720 1746407392 
62550148 1160834053 
248995776 1573862876 
1357276833 1180433797 
1096895193 1517882903 
1099708008 1548224374 
2095186766 1514616303 
2032536630 820767581 
1353269186 395903725 
1049567669 653136425 
1474975158 1503743185 
1824152399 1052825421 
1719083114 384910260 
965995056 502534872 
50410053 1133203853 
1872175775 727854581 
985089555 1448716162 
402945048 1281482745 
766999452 1762940470 
908601631 111398400 
1814652263 297829547 
1984298919 1838377370 
1761228201 47783959 
2093598582 591811579 
1580438996 212976029 
1780363501 1679707656 
26550930 1712365581 
1299966420 36996362 
1175082151 1346094045 
62393170 669988454 
1239185157 688525093 
1399348015 1748669808 
1579753861 1582813966 
1474391173 278641878 
1619693086 678987030 
6913052 223548026 
1222774379 1897969710 
454823432 1323121951 
517465772 1885943301 
190430187 809518879 
1274895608 1726137537 
836997036 1391296202 
1713318478 135437123 
2106544088 1271082574 
2064984509 711423596 
1854915123 538368762 
1015178123 341137846 
1869923879 1534944155 
85361674 154578722 
1696851431 399168657 
88704971 510796579 
1465966194 413940527 
1398904656 739586036 
587158216 680778347 
48806813 2104836584 
490350257 1422015860 
475051557 1994802600 
132601236 1688431513 
619527533 1398526475 
825948910 389036162 
1590553266 552303806 
1145745108 52167507 
605962173 1038787537 
2007567896 2078050055 
1260723224 1901564466 
742345408 1866766833 
14079561 411980557 
669943571 484836576 
1095376114 1756525914 
473341289 1167615735 
412091859 393112638 
1384408694 1919088460 
1062852927 600168343 
298650842 755418455 
394652121 1488695711 
176843580 92681612 
774208809 524035690 
637405483 1225521545 
824948438 753972434 
1861180938 621222764 
1972986481 688792840 
1604404550 1422600118 
1704741175 2005593598 
1108278274 1707280687 
1737498842 660405588 
1241229820 693437782 
215049805 127094734 
1482449220 418768046 
930637903 1107834620 
693238850 1166566975 
2112935362 1315042342 
14947070 2107302438 
1131769142 1381308115 
1347264735 410827177 
612438734 368682267 
952539874 1994557580 
309517390 853380696 
1873563006 420725881 
1623716043 1720832272 
1865721355 1770083638 
704741975 1226060620 
1295247375 180901986 
1730318197 234389305 
896040537 1597972595 
694914783 1416685495 
1081920176 1088358883 
1929525082 377499827 
972899151 575542599 
878115305 976308951 
2049476377 2059254006 
1035623790 374079595 
1471118396 1107653661 
1946828231 1281232725 
859880606 1595884379 
2105490470 742794024 
816721357 2067859122 
1780404053 213781473 
285075280 224214503 
1686835083 1705615934 
1675282582 816259857 
753879563 300298041 
522604637 208017829 
52274687 259852786 
1511519951 1531756094 
190711622 1244629630 
1999469630 1261963154 
1266231506 2137463219 
1237874717 138796483 
585249139 807175913 
551371692 512090639 
1740396144 2110720068 
589818083 288006429 
95911865 1377979805 
1242933387 1408000940 
1149492287 753979197 
1974846679 1888369568 
166510363 368478900 
1829517999 1038151447 
2054221501 206174488 
1283497205 264290320 
931226244 258663572 
851753076 287957430 
1419869319 905358969 
1446552988 553701629 
1016636152 1223911132 
1676024558 401748607 
500251681 331524562 
1360733216 1289804409 
1042769245 208657548 
66613685 737223708 
1685700813 1969292867 
887248105 1999939614 
571049654 527116335 
874198470 1718056163 
304813979 1260046958 
1272980039 1743424059 
1461279945 1109048523 
1767953748 1414902744 
1183995177 823466737 
1620827491 417579042 
274400498 1201779777 
1229012004 1507034382 
1304725556 566900175 
1653783133 252273210 
823121292 109900670 
264624270 101472953 
353905353 1705049328 
742270128 601535873 
1807891082 479293771 
279249300 1091216405 
563773455 642607621 
611025384 236828934 
1096695847 314958328 
2104912488 1766068785 
1946584308 1476586158 
662532774 485622923 
1426608261 350123872 
426723924 1501093335 
237796389 176842856 
80513344 273074998 
398937747 502767895 
1819343967 1841887383 
624474576 791615943 
1027960836 431830537 
1428592146 1481024362 
93499757 1639869942 
488989596 28222903 
1895928381 505945281 
1534579294 395593788 
135423804 1882691655 
1374590687 116601983 
1224442217 2012035565 
2004235293 1901566256 
772429938 691321851 
1159819487 377054190 
2073012680 349423832 
1546053526 2116966429 
345708707 1382973414 
1418657617 2015119925 
155982638 1670147526 
410719545 950951357 
1066156125 282442307 
1068993879 731933551 
820861641 786651959 
1350143981 1557674465 
2009076325 1660412494 
2793893 1859803064 
1085614563 902895429 
844025501 1407106872 
1155276940 1339878053 
816914329 1016172232 
2016742280 1653099359 
1644985474 566390040 
1669878776 188805589 
1422187704 1215750018 
1951134968 650117486 
127791266 304160662 
1017166374 1545417698 
20539821 1615388027 
1338304415 138584227 
1312829841 1484148409 
1059750158 2139020935 
1648603765 1249464761 
1659137761 53192832 
658730272 1001481219 
2065506194 889448803 
332365254 457858131 
787700516 1793372304 
1275327683 398087474 
1244615113 1755482411 
115055544 1003245708 
1656501759 847063805 
932274672 699723792 
637321172 1955990215 
647875229 1096883513 
1321577143 323681480 
538556509 2023158305 
2113049184 1080565049 
1935059511 1052851209 
5018383 592100848 
2147215785 1940494307 
53670760 101331580 
125332989 1937572063 
331639733 1148928566 
2016938585 657430200 
626007585 787094442 
197021174 2062571391 
956338663 1416294893 
959523303 1253448198 
2036770363 1110157761 
1083563991 798670177 
1476871089 1156400797 
901189829 95293712 
1726100569 215675860 
2059266531 1246131465 
1471006711 1378047513 
233418096 1752800050 
129770804 1362001123 
1124680888 360623722 
804043820 1597375816 
1402268365 1438868377 
247463372 1588552612 
1287050380 2000444076 
459607900 131297041 
1243662618 779284475 
2078891919 377545943 
1747970763 568322781 
1941202058 1211423582 
103685467 1032406152 
2129812551 1502116461 
253605895 1746721617 
1048762429 4369627 
425876991 151592286 
895945460 13456 
226154992 2088379001 
913143239 1280276411 
1966980384 676051970 
69483513 1725782670 
1315198308 488783985 
867486120 572739357 
1008667245 434477297 
815530879 1386848199 
2117659702 1260129783 
517536167 921588419 
1484495969 458740137 
579189829 2047567799 
46554618 759417218 
1029868805 286810815 
1476063837 473818315 
595057129 293823024 
1218659915 1465649966 
1541547472 1545644496 
1684850160 557269778 
856974279 2141370371 
333385324 422305445 
254160780 335255577 
1790876558 131513954 
594352115 1329554608 
1256949621 755644608 
2048121945 770151852 
1058236095 314484211 
578879010 1118600160 
1241043282 1853260910 
653298282 2047822110 
25792301 1846989860 
482459635 1948318020 
550312684 2040696006 
516446605 1936672708 
248565777 789320624 
1105240049 35956993 
886276544 703299416 
603291624 1252027081 
1774377061 1997341985 
2009855638 1873424203 
235347507 1968156022 
1107647013 1835095295 
286484851 292554183 
1368085698 308917857 
1514447800 1347990356 
1868921089 1860921801 
560874499 1311978010 
52326674 1133598295 
2059111528 788479691 
2004064647 1181002581 
2066513293 635892520 
1566956168 1240352415 
979277476 401868524 
368213053 1656394764 
1196282487 1177855795 
718088519 55642693 
1031354806 1639709505 
2087492231 1041585378 
1786241349 1684451230 
294904209 62783387 
785914632 1842790974 
778742984 1567987270 
1390214553 713912911 
743159388 514943164 
290659938 1743764688 
743780607 218352662 
1951121158 418012816 
1122389175 498508977 
1106669492 438285377 
393422029 141892290 
1076869860 2107043751 
1078984027 1132626521 
758891439 783035740 
701893364 594095777 
1316249136 970181005 
2136303011 1065611684 
1869440655 2003332975 
1768693159 957281539 
83342649 580563899 
1519242172 322621974 
2058791990 1860455466 
1313116742 2011126222 
1753293021 1972683460 
2038369834 75179447 
820581293 369810417 
586004101 610920365 
619258248 1167620774 
496782332 4234388 
300398765 67989258 
234159002 1320305310 
422820719 324436310 
340082437 1311533992 
1179650736 820890848 
1277534008 972569750 
1481750933 1567560319 
656900037 305492632 
1928749694 230455593 
1354136010 2079712811 
1289375905 283353458 
1350323207 274958553 
1991075574 1916984664 
64091907 1303373802 
1470290814 83384869 
1290155439 500079514 
1732881087 359208595 
642324448 146704067 
344027313 1041071867 
1745596560 1467282253 
1058107670 303528883 
1136274956 1948596368 
933540226 495053400 
1010845322 534195437 
1741065199 470625571 
621699896 1402209417 
448129341 484684158 
681170435 196178888 
791172471 16977873 
1879270107 1850691920 
425956292 1484404193 
1063744552 553324189 
1115453013 2034034828 
231177603 604056198 
1217320417 427543550 
244161988 1936766546 
1825701043 1311081365 
14799688 1777736811 
482601766 42146443 
1833147638 1911952004 
1379521167 1378800757 
8288122 1859513046 
506249331 202296703 
534074120 1849574027 
964881464 1113746951 
1277538205 1043108729 
1619397842 11788416 
559412188 357237150 
1867986685 1188779302 
1773360673 2094778045 
1087693397 1482120115 
1329951252 1480894388 
56510386 582285528 
389889717 903866622 
2134480723 503188326 
295593196 905169661 
412337079 219557884 
732450842 925036890 
1460889597 990920628 
667312311 1358406343 
836755544 1627507452 
1018533925 907527238 
1381428072 1215898387 
149805457 929481515 
999774327 1295059761 
1322640782 1020392977 
2087843144 496929228 
325631813 1105548535 
925713901 2101995239 
2127988723 913810323 
1754538964 1438410991 
1150111458 422967959 
651615343 1679953748 
2015135527 418205452 
65055133 312444008 
648925541 1569608121 
714569899 1047738469 
2122026730 1642325381 
955363576 60393213 
1416449507 1410637154 
359184398 235645469 
533552415 1671212680 
1132893647 953510827 
1133495475 331015788 
1399703186 1275577864 
307912247 1793029706 
1959734038 1293282627 
1519120702 428559331 
136524079 1047660757 
815921146 1503614727 
1812642440 878472738 
541234441 1934004842 
506898502 375495465 
1645325369 1984038011 
1748263908 1200243502 
1178641843 1044295373 
88487080 1143669836 
1680293002 1274526564 
1966065970 339881401 
80205587 1543054040 
1096729108 873975955 
125730205 23646787 
147074414 125998401 
236249665 2098339999 
823912159 517100457 
41061390 776531043 
899116882 1762495482 
2019622903 675606239 
1168017184 716794261 
1925368604 1386534432 
1139145027 793755784 
485046524 329004856 
1961707414 100074707 
475904948 1305359608 
485993904 1219234987 
393466835 894946732 
394261136 1359861757 
1675578525 1495206564 
83083954 527644328 
1158242233 1785433623 
993902230 1386973244 
2071807370 1566615132 
1951011304 719180285 
1225084679 2072476164 
2069617655 1271297126 
1375992679 57561410 
1066976720 1189280590 
1608573501 623199224 
831611349 1068367967 
949648802 648950710 
1992623504 15756763 
683427160 1617733964 
2111761928 920489927 
202010101 12121600 
1864268382 972286544 
1016874985 943010069 
740914823 1445244855 
42746768 1185391678 
672138927 874962869 
1680408274 1064419421 
1158429237 633442557 
1192617320 1854419789 
803224812 717210242 
326826683 1860375802 
2121687541 236543152 
588525067 31122987 
1245516288 1869145107 
1331025033 200578832 
1726587281 1953393503 
2102093232 1627473427 
446675750 1823983985 
369774970 2137730019 
1427015023 744121865 
1658908574 496214217 
1193343818 1179769793 
674398200 191858534 
1193426791 426813357 
856710119 1996600545 
285891793 1062446612 
213683079 778850969 
1235407518 1622255830 
801352498 1461483549 
236053657 951517190 
1986176768 1187130808 
1984409426 1548184872 
1431276652 1502360117 
53764993 1685105611 
555667441 1843783731 
284140707 1696715268 
258160763 990976801 
1611411922 1083900737 
15909258 1098926978 
1306355046 36451194 
602378163 931873583 
401071910 2011907084 
1992338773 1672733787 
928335232 1061548769 
156021307 172573762 
1344294484 2029426148 
82504135 1520044630 
924631698 1093278594 
863245626 169717050 
576176134 788519815 
530945068 799204591 
1868832599 373670371 
1035741569 206107601 
159327396 2050920410 
559312873 835533592 
417513011 1312101128 
2121570900 423641512 
1234602379 975186539 
364967069 788232851 
2908414 1637073864 
739946884 209479611 
998124644 1486124991 
2067909127 473354441 
1388661399 379857397 
1941872495 1742040006 
1821821291 528598911 
22049538 1219397882 
983759453 568528318 
1100695123 958797003 
1931425980 113637808 
797676873 1962279937 
1132534180 1354399899 
72444293 2095488249 
139190143 759041818 
1162971946 1820825075 
965065775 2063978281 
979618776 1843130330 
39848335 1863552128 
1819107448 14196197 
224798162 758973661 
17457247 1346174337 
1411860814 1597885195 
1373466630 551928807 
1285587856 1042123325 
90098343 306879666 
1618310015 1056032850 
1939251142 634633075 
1874300523 2078755865 
238370012 1227790029 
296653380 1543812973 
967214157 1664612556 
1873759223 1571061353 
1516720006 882250952 
1764651376 1746511362 
1809973938 1126116211 
861777266 1260794294 
948554309 1581159682 
1588127396 582896009 
2060309296 1592013644 
1474556735 913758765 
888003658 1813617003 
78083903 243649404 
1911701846 1470082955 
884865950 617766175 
1860153627 535075963 
1507680152 1420763711 
905019784 40837987 
1316764116 1035515277 
697785251 268517290 
1106950683 869295220 
913511999 1035574790 
1698020242 716022311 
1836106836 107585262 
4267660 859601269 
1196034714 1308502278 
1765241066 920012957 
775509899 916618850 
1712812019 213315298 
1040006643 1022245968 
1018808176 1221896501 
28376046 174835488 
702417720 817012481 
518329249 1366015711 
2025868347 416084844 
931218476 128106796 
1312306078 1271198256 
1861768236 1902005662 
1715075639 1750754639 
112286479 1708210487 
184778266 306963100 
873101606 462932091 
166400356 667074898 
1663173346 1307276870 
497161633 2084179001 
1190703590 1902614384 
1208448058 1633661127 
1364134594 474705986 
481758097 894987089 
1072541235 222803727 
1598242968 944106500 
1988761464 1678443540 
255389788 1663840210 
1777841883 101063223 
2057507831 1752431623 
380069156 1205938714 
261305812 162724169 
1158425752 574870162 
313884881 1243357935 
2100928235 1374721671 
170566424 1966703070 
310202866 1636757593 
1866831128 1094685626 
888912333 2053332199 
292061303 1674186126 
1715476688 2048734241 
323592489 1190368419 
564362681 1955794415 
1652031923 884457798 
200406452 976880268 
914182961 1575014889 
1391806501 1699979183 
1427688993 1334117420 
634719613 1181261042 
2115500026 1469677250 
508632956 1609176432 
19242306 1282889892 
794598964 1771470902 
398167906 448952090 
1427724719 1934564302 
1319808134 656718275 
1545585992 701573432 
1659449594 999202769 
278819043 302337947 
447566427 1761206795 
1835496964 594884793 
1692339166 1870942094 
1468214484 1693728558 
1600133321 503014666 
1671856870 1222376742 
1657335592 1976393154 
2110171129 2101218545 
1958994547 1749559272 
1496589780 1855958796 
899511697 1955700246 
69333540 1352670106 
1064584400 1783747643 
574923781 1215059414 
1081571775 1675234217 
3389302 1129423892 
619397011 1352326868 
1738234275 135926137 
1735467798 884387432 
1165248737 1432145766 
1077173586 769315692 
2037280504 1094162960 
694399459 1345569615 
1985716395 2039576385 
1026329281 927573063 
1136676268 103512564 
273909078 1532418425 
585090504 288481115 
1631508526 1692591586 
1818397740 971035723 
1469162908 454021550 
730793059 979965420 
1226725097 1725694079 
1973733018 350938317 
1230199157 2132162030 
187620721 835464051 
1396221071 733729528 
941076022 447641599 
877138952 1746613256 
1375022749 935817076 
107365704 609123648 
486606687 780860633 
652092014 1101428657 
402401059 728594210 
531132276 1798125800 
1710440016 1149250170 
979686072 826690555 
2116445442 179414786 
357267914 237553586 
391020129 575348283 
1907213587 1197841587 
1611845731 1932477659 
609337585 1934762199 
350895719 514254571 
1602379269 1743440703 
1741015653 1785389596 
253940441 926985298 
1995528148 1589468237 
1643574226 469865021 
724037928 1263111994 
1247432563 1863724327 
418288747 1464994198 
1257472931 960981190 
2133834890 386091330 
1488885723 1222891617 
1720905129 942745307 
586027183 998859539 
952603374 914318433 
1704409146 720149489 
334627131 1966002871 
1426860155 288739036 
1671419479 313597146 
702363084 2046228876 
1165595874 824026384 
289396385 1982065887 
815030545 1567669249 
340202900 1188671986 
2117184308 1860117413 
2073910912 413623527 
366052950 1858765642 
829532185 483596971 
1736171349 1971550854 
182529968 1174524260 
559554596 603204759 
1939570673 1710023298 
587921685 627499948 
99435619 472171167 
828728104 2001793133 
1658372429 75159790 
490206094 1146551966 
728128031 1285996411 
1466256269 994263758 
1020723399 1198794757 
451904745 1660873423 
1307176655 960331775 
1956535220 1217839676 
564794975 631425085 
1644703768 126724592 
1703923567 1148957824 
361194144 1801191786 
1700859190 1185581113 
1708489325 576241238 
1882722743 1897086703 
646510312 1779043611 
971152896 1291005872 
1908405063 1895625896 
1864530827 1088232365 
1950620703 596800219 
1672649243 1654887871 
1639735600 378587249 
2069331529 757344738 
557435797 1499771965 
1651850916 2137240443 
1788645779 1293516947 
1162369648 287937177 
1079477148 830576580 
856874560 465393138 
727027992 2124993761 
2117091517 300579076 
950992588 1759125542 
1215616145 1848615104 
2028131779 1950364469 
585242675 698535465 
2139945753 12150715 
206120540 376793169 
1981000027 80990701 
1853563156 1438179510 
1554577585 1499421693 
59796706 2128374593 
956676472 651399815 
205058299 1851061505 
195120446 181806953 
1907713037 1002163149 
641801822 2100347120 
197856454 1068736822 
706543846 1445335459 
1565528196 862747128 
381395752 2027201216 
1342777657 158434876 
2082722299 330233193 
1131530903 1672192536 
421464263 1148800435 
2010924515 510687119 
1773755621 142734493 
199390152 1075795344 
1227522515 95512876 
1114622623 962571980 
952955009 381796937 
179982923 1316011885 
1277670742 1123174441 
811572757 1434684802 
801078698 1154694243 
136424162 1515839385 
1114039334 1896651992 
1930257123 1943494679 
1088799083 738031894 
236497386 1966819552 
120432193 1174272277 
619443609 2135499454 
445131067 1632300568 
2119539598 643287150 
1294451052 1829486854 
514697432 455609508 
1649799401 2017166190 
187820141 2039632344 
1966832194 332906287 
961065174 1397870331 
535554937 967861582 
1808466296 1556980881 
1089428272 575393182 
514347433 1015627256 
1447265236 1787035530 
2147349415 2038930070 
901131311 1259265333 
1021110546 1263123445 
1439889520 229944597 
1355760826 1470707912 
651100014 1608753833 
1506555501 1846107177 
679591983 1584423535 
609129945 592440366 
1411043870 752409269 
1358870547 48697584 
269024781 1046417332 
1392513641 699979281 
636357501 791957247 
321806223 1233366815 
1683898861 1748656661 
1358792232 879941026 
1596430740 550761562 
995053964 1416813759 
1090169577 149604435 
1845872055 1022863823 
665678926 1823392059 
1158692923 770245865 
490828939 877289646 
2131843667 1279344721 
1340452083 1874701951 
235621673 133613043 
1514002586 307729599 
870748417 1715073861 
1720871793 382467155 
706918614 1301610294 
1895782916 208598673 
1224585207 120301201 
1120173380 1912348058 
1593549804 1522994091 
1104098844 183077381 
1784959963 1623033198 
981674592 2035491490 
1090975720 813547954 
272082429 896699740 
1939779181 919449960 
2050637555 100336182 
575547979 968536965 
274726495 238360415 
1066493250 1653534888 
374986789 1685942425 
1735098457 1119324186 
524846382 1377804045 
436418714 1232671693 
738401642 8401081 
1610531312 1315873996 
1107653966 1951954366 
1536837790 1846914061 
1355989489 1018879659 
275827635 1565351219 
35778336 31071992 
388443323 216642781 
1130438602 493758805 
727423627 184496618 
2015756105 110841663 
1047508092 397564138 
1038841549 767863933 
1259887108 733864736 
1066033231 364446496 
628897028 2105322709 
70718544 1008112217 
1843539936 481645436 
1148977309 688678539 
1830831290 1635796814 
751404004 1643250868 
1477638056 1161913284 
1207762017 840788275 
686140665 2126455912 
921659610 533519459 
1117321188 1220197348 
1535482633 545626832 
594992734 1359019906 
411490650 1026011210 
2024204707 372574775 
1949412420 1764024308 
1944797721 1514189507 
1301827199 1246337957 
646550461 306344207 
1208785190 857387710 
499970600 2049847136 
1848149578 646487238 
1391238893 750126115 
1640606915 2137876572 
1742647647 1297025343 
2145922751 1683308339 
413687995 1449566626 
1811791614 1611025685 
1034866419 529847080 
1672673098 2055818856 
1283116209 303341489 
134227645 1106200165 
1140241076 2035182151 
186882441 1312093973 
2001316815 95346744 
469925746 1744643003 
473235283 1533456540 
852820133 1042115253 
2101915886 794302852 
1089683812 575286668 
871650282 1840333387 
276267568 369370562 
1783295704 1569119596 
1093864812 2125876964 
1928698809 1522715045 
709140016 2129491709 
404692261 582120578 
1912542361 564233031 
1924250512 1922115011 
390488056 222731960 
392054999 788539197 
856698342 1798664506 
27053523 1569511544 
1238883907 2067867284 
1917582787 1526810580 
823320057 1303060378 
497540940 2016740809 
1628376262 588238066 
1649948121 221735936 
831748807 1231140926 
780604437 641173136 
123956106 271135952 
21646330 885131967 
793746600 330691036 
236563616 932463515 
1726124446 616976599 
1474651677 361965312 
1877310480 1127495636 
423453124 215848910 
672750587 417714254 
399424935 101002023 
1028919431 1510551173 
281889777 372556757 
1646583894 1661231216 
878152665 1604218471 
442654012 802626476 
1398395325 769194507 
524209 220446075 
627891450 236958792 
1131735606 817668563 
807681188 453594029 
2135382200 621926736 
919742003 516553315 
1582664031 1101917275 
24669197 150850108 
1307061696 1175699509 
984611716 2007610677 
649586675 1943869024 
937964557 1840340519 
396135092 643185544 
1734242657 1768279115 
440894972 1303212254 
902637225 799358167 
155017137 475357748 
698503796 1607684870 
720363536 1784631413 
396060642 1539388041 
1759309678 15422603 
1509650981 184748362 
1951850219 1933922808 
1275636711 1296953776 
943096182 40732367 
1689092423 990023668 
624491120 1069670951 
1374064420 2009050749 
1230556662 1698297624 
1083014291 149796865 
785075771 628956029 
949468869 1919784073 
2016602383 1449334127 
51664568 743000988 
198011 1180487230 
1994943624 355307957 
1656294639 1660965259 
703180660 754843179 
1463406624 344920477 
1020093686 1352626601 
333395865 599468032 
1413425747 2129910362 
998542291 2063067179 
699112991 1109007000 
1070076687 1750818431 
1184438623 1834012718 
1418966035 756250310 
1490737224 128814219 
317062557 963467292 
968078264 1155273376 
1279977905 1244957336 
1064773431 665824366 
2120318492 849256726 
1281475920 652291677 
162197404 895020985 
1642231307 1521745505 
1593950412 1813561806 
1297871571 1336091218 
1596087894 1230999781 
555864069 853543233 
310355071 2047383381 
1242008586 897256062 
552464800 1704087619 
1758696141 441124479 
865569109 565790185 
178050379 1047999582 
68101980 2128677656 
1755289019 1159683494 
238903486 1603952959 
275161122 1100685463 
796441383 524752330 
1944555728 1741980450 
820863599 819560065 
385900597 430719839 
2088443683 2000253613 
1553463553 2103238692 
1551866824 1036818153 
1120385713 1186061495 
1192335011 1404619720 
155902569 324427843 
197777568 1890383467 
1801856151 2129423510 
1405955315 1128411264 
780027391 1680179249 
1510163540 209392887 
1688038023 448592044 
1818882538 529101121 
2020242067 344477352 
14942752 2034729812 
1174355456 2017433062 
378170551 1508339184 
1759696300 70927616 
227018027 1561022717 
301089220 935048208 
69903110 188014861 
1017324090 2048666863 
1338654090 1720604658 
187696504 2109148932 
2101022742 815617173 
689707810 1949919811 
1701810257 2137778653 
96923014 1192491872 
1893498900 475847407 
338268021 881415338 
605388760 2138853481 
981688034 113927537 
1372184882 484426641 
648049510 1878540633 
327840637 1722031504 
546377109 319996391 
880291449 1043539160 
263717071 2034048536 
461567959 861753949 
868905475 805518725 
616300387 846974828 
1584321880 1048098007 
1722330955 1284282772 
582413007 384945623 
1560340997 1728323062 
1061893712 1658511014 
256874238 843187596 
209339419 789401347 
314467863 304118174 
303070558 2023141269 
1826725132 1343076012 
877920067 1989911179 
1674350722 186874366 
1176377448 1641314254 
1141221263 1329315884 
1539682647 268301779 
1779824600 1212333137 
358190823 716499620 
1268304611 472916955 
478285138 507023645 
331290219 1717097709 
1375946777 1433570143 
1394357708 1628442292 
1698004276 447681749 
1551940002 119237152 
416571013 512326271 
1405695874 1062953671 
145889104 1679329701 
116712186 929140391 
1708954200 1946944422 
1086571215 1948960064 
603727957 2143024871 
223279413 1003162982 
266125877 1716661685 
490142350 75206558 
1276235870 629600854 
1049624409 1606765605 
302662210 1602487374 
1412877791 1510348458 
1169826066 1053902977 
502213983 1099679571 
1070283715 935370733 
1195613491 671458258 
172377221 188513544 
808754683 1315955318 
326949173 1771581585 
110933440 442520484 
705905027 1446122761 
1912811028 784752006 
1629888615 236551173 
723334014 169847631 
623367354 1509888612 
2031128932 783907412 
319699139 179344379 
1321421112 1996235757 
597350818 189148401 
741378047 640716035 
1031394187 154102325 
132497993 2100710059 
2002804933 1483825853 
2081002407 1488779407 
1583522252 493652093 
1081398690 913678269 
1682591033 1242827935 
1783152823 1315202276 
555474161 742810418 
1092255315 844864649 
478281779 450568932 
684700802 1548998588 
75015935 219918756 
355175605 1579338222 
1039620234 970320846 
191643404 1872704175 
1018738793 55776420 
1131420848 1969981798 
1728693187 840133646 
421209297 1158554167 
585657420 1226703739 
1366730173 1148929299 
2029258116 1553357605 
322570656 1196290364 
1310244534 982566600 
1995084417 574132261 
796884656 1532390700 
119116429 535063199 
1293155604 1531728788 
1879263327 1736740460 
799181196 1475632834 
1819885482 205711753 
2096244648 2114569901 
869451904 1399416340 
749524436 118122550 
1010808022 2054777984 
969049681 302009719 
1373489372 934153601 
66628790 991093443 
1424330369 720298674 
694495779 816936208 
1383892585 1834779085 
1414394322 1228881211 
1456280078 828146087 
809768002 1166938575 
1915965621 116905382 
2028701916 795238793 
1787658670 1883045160 
873498281 687397875 
1781547912 111266863 
1751393551 113062228 
1861322048 845374887 
463917257 1691699789 
1862351090 960614605 
267608089 858395005 
249708489 667528385 
694994767 613492936 
906786105 1810107623 
1225476359 65507336 
1470168888 181658234 
1555676451 640709732 
925459666 2124034888 
1033698535 228573515 
1934305769 1269611297 
959552087 1737220886 
283766390 1848020390 
622708169 1168384552 
448697296 1440369255 
1850399801 1958763200 
8793890 1770021234 
1803401594 186396600 
1736498874 1033812588 
2145462286 386724025 
1385172353 1869003391 
1096687868 180855275 
945246420 1820044081 
723801499 1584417085 
500724795 1840700619 
5884851 122442995 
610083139 1580386395 
1476394669 1739144445 
400767798 1195663994 
1520262179 286010447 
909180743 1254599196 
2054240926 532650463 
1544490945 1624471326 
1529971771 266366019 
1457760985 2095429919 
1306321480 1619791079 
178471734 1687262126 
292993047 154138358 
738104624 1458870496 
1415628473 496420598 
367021991 965568553 
1924233539 1636849800 
1269070530 460815706 
1103539660 1522290128 
10010938 750110500 
1378165610 70790728 
73825058 1679685487 
1801440194 1580885152 
1269068980 434764856 
1353567698 1118027615 
208214055 1202761422 
547650343 244403759 
1705244449 1874185128 
139312100 661289470 
1064249065 442739592 
93485889 1406790466 
132408592 598147452 
693274157 1759971724 
405011490 1652435087 
1217984205 846410231 
685074689 1390466456 
652679338 235164890 
1046395750 1029784967 
1025229196 1765797291 
1678551944 2077335816 
2141410233 1003345958 
1193919862 123923066 
1863316319 3349232 
455967402 1222472918 
1126281977 1500322781 
171997193 243833889 
717373947 930732971 
558158849 767205047 
923408341 2007153965 
1563562679 40557614 
899502399 1799428760 
2134452266 24911527 
2076206771 345420094 
827222017 311309041 
900887995 1464820615 
487547097 1553945974 
1621353851 674176974 
768680446 2098119217 
1408196379 139268266 
2072055079 1434893001 
5311997 1231904052 
721561237 439555650 
268063870 2076255331 
1161568014 1847260068 
728878197 1009134491 
1845029878 1900780513 
451349219 914082529 
2034537912 96575803 
1799367536 1105460498 
1593559689 1689131286 
1643194109 523689543 
1262163795 343437499 
1865486204 2112868075 
184149733 480627204 
1215421261 720683363 
717512861 1117976922 
1503700451 1105922061 
761114442 1637825162 
482110488 375171685 
498522203 1328958874 
1981866518 1759203056 
370910296 1891801278 
2008685511 1534452537 
412672536 1562616389 
1316130760 1128119220 
166611177 2062859798 
1508627818 168316997 
667805480 1057163138 
1608648735 1887657062 
1076323903 1521079040 
1130091392 1100651276 
221860474 777375326 
56595734 2016729364 
1436020147 1769385643 
1858441892 1830716876 
1860324363 1257152268 
2014049090 1485811616 
1095982796 1215612053 
1779840860 1485614957 
2085702277 1022599558 
519144365 33284794 
1071784538 389899130 
1062070913 341760927 
1604628011 883341851 
772038046 547243948 
2004057582 1062261126 
1391187171 2028318108 
787028678 1239209273 
1093842705 1754324615 
2130814642 1164390722 
2043873190 228286918 
1412437284 549198250 
490272944 122616269 
1374815610 1749399197 
953692902 2046146353 
1926115460 1054041342 
680230891 1585132056 
1779824157 1204887636 
1923190689 1289539026 
877444458 438801657 
480605401 848978240 
895929012 1871055567 
1227871548 1666743213 
1176489423 1375794432 
1020591375 1127351036 
140644571 1581293097 
1682949654 827720141 
93344521 1178302137 
1777307572 1858316481 
1870417846 1247112936 
786720632 356847445 
1760665691 1331096624 
1403808769 1558634641 
966885181 430480218 
208617183 1535682777 
1761963393 1666737668 
1083294608 566117390 
1382417520 665681747 
1870804606 1304937315 
1978450041 173048939 
740659735 1452948133 
662721294 1506594916 
361071435 1886305270 
1979075876 2101523196 
636812963 2004456140 
1318374491 183800491 
1053367851 98285889 
476011880 955082085 
1771824917 2053130717 
1200720623 607679902 
1991371429 446968708 
305278150 471434367 
1330232386 1910946232 
1655380339 1326710688 
703826415 870629229 
1859364792 162028000 
195331604 1583255812 
310562307 1235431539 
2025976777 90984207 
163210385 740323476 
96410414 1167158260 
1313244122 2004518235 
214521509 1985442097 
1724417193 1987946486 
866010176 1536352313 
129953063 130260842 
1008135201 82348377 
1049703571 789757692 
2008590984 2093220895 
686477111 1338652893 
1700486679 1367239677 
1122228439 2091986319 
1411794749 487530740 
1279033875 411030655 
1884809833 467586334 
1080851165 301360182 
1194139248 1663659921 
895208307 495584867 
1353276603 520561244 
224450030 1350370078 
1062719450 504304051 
1867714095 902326466 
2018882595 1118151565 
143958058 1436494284 
1148271614 1712964556 
629521010 1855169948 
526245243 1266140755 
612211162 838846957 
270663744 675181062 
464518286 1055775957 
1916617785 340407495 
332332857 2060845399 
2012362177 1051152236 
1515150230 268829484 
2059027947 1531217471 
1875493096 647493806 
1128758093 166731453 
1936854883 1162897355 
567174138 1963311980 
1298211705 610272415 
466580833 1361265034 
1638134947 1393699689 
1306535194 916714983 
1181035703 475711100 
194839919 1909440605 
2120111114 1658821974 
1188211664 823003395 
275889438 456590593 
959025820 1482186005 
289880835 1534282449 
1848970814 1564098808 
461343129 1378003433 
1640049183 1354009436 
2099867240 722447882 
309012636 959914806 
1390988178 831326404 
574264646 874395704 
738000707 1859821124 
1389148983 2132230744 
1342496919 1882522251 
674901306 57626488 
13259019 1653516692 
69166617 694678892 
1747032752 1983041080 
25230120 988348381 
385229922 2043586996 
1860675301 712916293 
1172869838 670971453 
580580174 1792776097 
1992294869 934839259 
853064561 855249355 
1067860114 1004098019 
948907207 1069865427 

avg: 1073741823.500000
chi**2: 7646332808421125120.000000
rk: -0.001039
